15 38 103 118 22 15 16 57 55 79 113 20 25 27 84 83 
12 42 51 64 76 29 74 58 52 28 66 61 107 
13 77 45 82 70 7 41 88 34 85 75 6 18 44 
16 8 43 73 39 102 10 9 95 14 93 19 90 21 100 69 30 
13 112 108 105 119 35 24 86 46 3 87 114 32 117 
14 36 0 89 1 54 62 40 122 59 98 121 67 17 80 
12 48 56 111 101 26 33 68 5 13 47 11 78 
12 31 97 50 91 4 96 81 65 2 92 110 115 
16 109 116 12 106 71 37 63 49 72 104 120 60 99 23 53 94 
23467.07595 23476 23506 23530.00021 23560 23590 23620 23650 23667 23697 23705 23735 23765 23795 23803 
23838 23868 23898 23919.40283 23940 23948 23978 24008 24038 24068 24097.98611 24106 
24141 24171 24201 24231 24261 24272.00029 24302.00028 24327 24357 24387 24395 24403 24433 
24468 24476 24506 24536 24566 24574 24604 24634 24664 24694 24702 24710 24740 24770 24786 24816 
24851 24859.00017 24887.3122 24895.3122 24913.02864 24921.02864 24935.99979 24965.99979 24995.99979 25025.99979 25050.89009 25062 25092 
25127 25135 25165 25191 25199 25207 25215 25245 25275 25294 25302 25332 25362 25392 
25427 25435 25465 25485 25508 25516 25546 25576 25595 25625 25655 25685 
25720 25750 25780 25810 25840 25870 25900 25928 25958 25988 25996 26025 
26060 26068 26076 26097 26127 26135 26143 26173 26203 26233 26258 26288 26310 26340 26348 26356 
 DV TOTAL: 2517 ;49.66 343 176.4 176.1 174.1 205.8 714.2 52.13 102.2 96.22 119.1 123.4 94.23 89.98 
 DV TOTAL: 2560 ;355.9 121.5 201.4 121.3 296.9 595.6 264.3 220.5 149 133 99.96 
 DV TOTAL: 2695 ;109.4 47.91 83.95 38.41 27.19 522.2 152.5 1048 95.15 84.73 91.38 394.9 
 DV TOTAL: 2642 ;191.5 100.5 287.1 466 375.3 167.1 82.51 64.52 85.93 139.8 68.79 145.5 224.9 160 82.19 
 DV TOTAL: 2386 ;161.9 167.6 102.5 231.8 234.1 202.3 75.1 294.1 162.4 275.1 140.5 338.6 
 DV TOTAL: 2788 ;192 85.55 128.9 158.8 108.3 82.62 618.2 211.5 65.84 115 548.9 208.3 264.4 
 DV TOTAL: 2602 ;157.5 279.3 240.1 375.3 451.2 143.4 461.9 119.9 77.4 155.9 140.7 
 DV TOTAL: 2043 ;393.1 128.5 276.6 204.3 278.1 81.74 95.8 194.6 204.2 58.3 128.3 
 DV TOTAL: 2378 ;312.9 240.1 49.32 143.2 136 28.86 242.7 121.8 69.4 266.7 301.3 135.9 151.3 77.28 101.7 
